a 283509867 283505044 3490
a 283505044 283509867 3490
a 283499174 283505382 13134
a 283505382 283499174 13134
a 283505382 283516073 15109
a 283516073 283505382 15109
a 283511310 283494485 69459
a 283494485 283511310 69459
a 283503782 283496858 637
a 283496858 283503782 637
a 283496858 283491014 758
a 283491014 283496858 758
a 283514871 283479844 69625
a 283479844 283514871 69625
a 283505815 283522328 10789
a 283521396 283479914 353
a 283479914 283521396 353
a 283479914 283497116 1759
a 283497116 283479914 1759
a 283481996 283515535 10494
a 283515535 283481996 10494
a 283499316 283512259 2757
a 283512259 283499316 2757
a 283501040 283503214 24402
a 283503214 283501040 24402
a 283503214 283517176 14267
a 283517176 283503214 14267
a 283496913 283506650 662
a 283506650 283496913 662
a 283519223 283522279 2174
a 283522279 283519223 2174
a 283522279 283487043 11428
a 283487043 283522279 11428
a 283487043 283480056 5585
a 283480056 283487043 5585
a 283503817 283511594 12228
a 283511594 283503817 12228
a 283511594 283524278 4909
a 283524278 283511594 4909
a 283491855 283520094 9864
a 283520094 283491855 9864
a 283508968 283513506 629
a 283513506 283508968 629
a 283513506 283518045 524
a 283518045 283513506 524
a 283487330 283484161 15507
a 283484161 283487330 15507
a 283490560 283484240 459
a 283484240 283490560 459
a 283508449 283504707 5027
a 283504707 283508449 5027
a 283504707 283491377 8157
a 283491377 283504707 8157
a 283507606 283512073 9158
a 283512073 283507606 9158
a 283500343 283500724 2144
a 283500724 283500343 2144
a 283515329 283484854 8161
a 283484854 283515329 8161
a 283509804 283517336 2196
a 283517336 283509804 2196
a 283487988 283492911 4057
a 283492911 283487988 4057
a 283492911 283504408 5903
a 283504408 283492911 5903
a 283504408 283519977 4539
a 283519977 283504408 4539
a 283495779 283519989 11104
a 283519989 283495779 11104
a 283518999 283479891 2549
a 283479891 283518999 2549
a 283479891 283517333 7101
a 283517333 283479891 7101
a 283517333 283523973 2677
a 283523973 283517333 2677
a 283523973 283518848 3151
a 283518848 283523973 3151
a 283518848 283522910 5189
a 283522910 283518848 5189
a 283493490 283496257 1242
a 283496257 283493490 1242
a 283521767 283513556 11282
a 283513556 283521767 11282
a 283513556 283524111 2850
a 283524111 283513556 2850
a 283523699 1967582991 3139
a 1967582991 283523699 3139
a 1967582991 283505603 12628
a 283505603 1967582991 12628
a 283505603 924703879 2152
a 924703879 283505603 2152
a 283493056 283499489 2804
a 283499489 283493056 2804
a 283479147 283502011 3588
a 283502011 283479147 3588
a 283483386 295801573 4578
a 295801573 295801572 4936
a 283496807 283478164 4410
a 283478164 283496807 4410
a 283484087 283518238 1537
a 283518238 283484087 1537
a 456430254 1671101484 351
a 1671101484 456430254 351
a 283509910 283493078 3066
a 283493078 283509910 3066
a 283493078 283479300 2526
a 283479300 283493078 2526
a 283479300 283511464 10167
a 283511464 283479300 10167
a 283511464 1149014103 4012
a 1149014103 283511464 4012
a 1149014103 283515216 737
a 283515216 1149014103 737
a 283515216 1149014033 4735
a 1149014033 283515216 4735
a 1149014033 283478533 2147
a 283478533 1149014033 2147
a 283509920 283518920 1098
a 283518920 283509920 1098
a 283513925 283483043 7265
a 283483043 283513925 7265
a 283485932 283519897 10690
a 283519897 283485932 10690
a 283519897 283508311 8998
a 283508311 283519897 8998
a 283479628 283497844 37577
a 283497844 283479628 37577
a 283496524 283500680 49585
a 283500680 283496524 49585
a 283499571 283508793 1001
a 283508793 283499571 1001
a 283508793 283523956 2923
a 283523956 283508793 2923
a 283483483 283522730 57853
a 283522730 283483483 57853
a 283509398 283501468 1055
a 283501468 283509398 1055
a 283501468 283495754 1312
a 283495754 283501468 1312
a 283492483 283518547 639
a 283518547 283492483 639
a 283480525 283501854 9340
a 283501854 283480525 9340
a 283501854 763306749 21972
a 763306749 283501854 21972
a 283511168 283518174 8995
a 283518174 283511168 8995
a 283488606 283490247 10316
a 283490247 283507898 10874
a 283507898 283504709 11711
a 283504709 283505583 40943
a 283501800 283495774 3560
a 283495774 283501800 3560
a 283489128 283482624 884
a 283482624 283489128 884
a 283482624 283491845 10887
a 283491845 283482624 10887
a 283515832 283500909 2326
a 283500909 283515832 2326
a 283522319 283518494 2591
a 283518494 283522319 2591
a 283516613 283487251 4336
a 283487251 283516613 4336
a 283508579 1816915758 1944
a 1816915758 283508579 1944
a 283479946 283479159 12614
a 283479159 283479946 12614
a 283479906 283497068 15525
a 283497068 283479906 15525
a 283501348 283517098 882
a 283517098 283501348 882
a 283495090 283489441 847
a 283478028 283518416 10409
a 283518416 283478028 10409
a 283518416 1174957100 646
a 1174957100 283518416 646
a 283511363 283491061 71093
a 283491061 283511363 71093
a 283491853 283510040 5697
a 283510040 283491853 5697
a 283500391 283500391 5904
a 283500391 283500391 5904
a 283500391 283506308 1696
a 283506308 283500391 1696
a 283494144 283509283 6624
a 283509283 283494144 6624
a 283509283 283518876 10140
a 283518876 283509283 10140
a 283494315 1784278229 4104
a 1784278229 283494315 4104
a 1784278229 283511798 802
a 283511798 1784278229 802
a 283497357 283487217 806
a 283487217 283497357 806
a 283486339 283521051 12712
a 283521051 283486339 12712
a 283521051 283522925 11200
a 283522925 283521051 11200
a 283512127 283478908 8613
a 283478908 283512127 8613
a 283507280 283501381 876
a 283501381 283507280 876
a 283507410 393558496 926
a 393558496 283507410 926
a 283503840 283496372 2718
a 283496372 283503840 2718
a 283496372 283509019 1821
a 283509019 283496372 1821
a 283496301 283500646 6449
a 283500646 283496301 6449
a 283500646 283494492 6379
a 283494492 283500646 6379
a 283494492 1816894601 12594
a 1816894601 283494492 12594
a 1816894601 283482497 10926
a 283482497 1816894601 10926
a 283506406 283511158 1439
a 283511158 283506406 1439
a 283511158 283515680 988
a 283515680 283511158 988
a 283522860 283517045 4228
a 283517045 283522860 4228
a 283517045 283512943 4412
a 283512943 283517045 4412
a 283512943 283492734 13393
a 283492734 283512943 13393
a 283492734 283501556 10669
a 283501556 283492734 10669
a 283501556 283522328 4085
a 283522328 283501556 4085
a 283522328 283493884 1769
a 283493884 283522328 1769
a 283493884 283488050 7296
a 283488050 283493884 7296
a 283488050 283495996 1598
a 283495996 283488050 1598
a 283521739 283505201 1885
a 283505201 283521739 1885
a 283513800 283495273 8100
a 283495273 283513800 8100
a 2317652232 283498281 3980
a 283498281 2317652232 3980
a 283504428 283496043 18293
a 283496043 283504428 18293
a 283490116 283508483 5418
a 283508483 283490116 5418
a 283480187 283491076 950
a 283491076 283480187 950
a 283491076 283524200 15064
a 283524200 283491076 15064
a 283501700 283485366 2767
a 283485366 283501700 2767
a 283514228 283517115 13614
a 283517115 283514228 13614
a 283496552 283507795 4217
a 283507795 283496552 4217
a 283507795 283486723 5415
a 283486723 283507795 5415
a 283516059 283492100 8827
a 283492100 283516059 8827
a 283492100 283518018 10771
a 283518018 283492100 10771
a 1748089617 283478226 6653
a 283478226 1748089617 6653
a 283478226 283492684 6635
a 283492684 283478226 6635
a 283492684 283511175 3124
a 283511175 283492684 3124
a 283511175 283516672 2098
a 283516672 283511175 2098
a 283516672 283500472 8278
a 283500472 283516672 8278
a 283484980 283507385 11270
a 283507385 283484980 11270
a 283492685 283509447 8650
a 283509447 283492685 8650
a 283509447 283505273 6840
a 283505273 283509447 6840
a 283505273 283497923 4620
a 283497923 283505273 4620
a 283497923 283493286 964
a 283493286 283497923 964
a 283482681 283520678 8664
a 283520678 283482681 8664
a 283507321 283509946 2350
a 283509946 283507321 2350
a 283509946 283482042 2415
a 283482042 283509946 2415
a 283482042 283509946 5632
a 283509946 283482042 5632
a 283496042 283517212 9021
a 283517212 283496042 9021
a 283517212 283511911 933
a 283511911 283517212 933
a 283505601 283511666 66533
a 283511666 283505601 66533
a 283511666 283487101 74034
a 283487101 283511666 74034
a 283487101 283523793 74773
a 283523793 283487101 74773
a 283523793 283511607 3128
a 283511607 283523793 3128
a 283517505 283482501 14165
a 283482501 283517505 14165
a 283482501 283504599 4134
a 283504599 283482501 4134
a 283482423 283493227 9358
a 283493227 283482423 9358
a 283479962 283508210 5682
a 283508210 283479962 5682
a 283508344 283483235 22092
a 283483235 283508344 22092
a 283483235 283500769 5184
a 283500769 283483235 5184
a 283500769 283482449 1012
a 283482449 283500769 1012
a 283523867 283485801 28636
a 283485801 283523867 28636
a 283485801 283491809 2131
a 283491809 283485801 2131
a 283491809 283511910 4956
a 283511910 283491809 4956
a 320811386 1697678442 3098
a 283485445 283511921 7922
a 283511921 283485445 7922
a 283511921 1767043912 24439
a 1767043912 283511921 24439
a 283487791 824441672 9895
a 824441672 283487791 9895
a 283497222 283482097 3828
a 283482097 283497222 3828
a 283482097 283516255 1512
a 283516255 283482097 1512
a 283516255 283502011 4994
a 283502011 283516255 4994
a 283502011 283494423 3340
a 283494423 283502011 3340
a 283494423 1800165690 1540
a 1800165690 283494423 1540
a 283482459 283520404 18600
a 283522124 283516952 13199
a 283516952 283522124 13199
a 283511284 283490363 910
a 283490363 283511284 910
a 283481437 1784246335 1895
a 1784246335 283481437 1895
a 283515471 283497022 2805
a 283497022 283515471 2805
a 283489866 283520085 15762
a 283520085 283489866 15762
a 283517625 1748089612 10274
a 1748089612 283517625 10274
a 283513453 283486447 4153
a 283486447 283513453 4153
a 283521129 283516684 1010
a 283516684 283521129 1010
a 283516684 283492215 4200
a 283492215 283516684 4200
a 1177102404 283495855 28701
a 283495855 1177102404 28701
a 283495855 283483396 7825
a 283483396 283495855 7825
a 283524306 283496595 4247
a 283496595 283524306 4247
a 283496595 283485769 3288
a 283485769 283496595 3288
a 283478689 283494147 9418
a 283494147 283478689 9418
a 283494147 283518162 4887
a 283518162 283494147 4887
a 283518162 283478964 3721
a 283478964 283518162 3721
a 283498230 283504709 7947
a 283504709 283498230 7947
a 283504709 283509618 590
a 283509618 283504709 590
a 283479414 283478130 12772
a 283478130 283479414 12772
a 768194461 283488460 7058
a 283488460 768194461 7058
a 283496327 283480266 568
a 283480266 283496327 568
a 283480266 283486141 6436
a 283486141 283480266 6436
a 283486141 283513444 10960
a 283513444 283486141 10960
a 283513444 1768908069 2623
a 1768908069 283513444 2623
a 283518623 283518194 6922
a 283518194 283518623 6922
a 283518194 283485169 5517
a 283485169 283518194 5517
a 283485169 283514088 8159
a 283514088 283485169 8159
a 283514088 283516059 3631
a 283516059 283514088 3631
a 283516059 283510130 5698
a 283510130 283516059 5698
a 283510130 283480053 24334
a 283480053 283510130 24334
a 283480053 283520240 9433
a 283520240 283480053 9433
a 283520240 283488297 5846
a 283488297 283520240 5846
a 283488297 283494921 5804
a 283494921 283488297 5804
a 283494921 283518194 5102
a 283518194 283494921 5102
a 283492842 283486723 3888
a 283486723 283492842 3888
a 283491008 283496865 389
a 283496865 283491008 389
a 283496865 283489867 394
a 283489867 283496865 394
a 283517263 283506762 7832
a 283506762 283517263 7832
a 283511107 283498255 4882
a 283498255 283511107 4882
a 283498255 283493475 9109
a 283493475 283498255 9109
a 283500337 283497313 11937
a 283497313 283500337 11937
a 283497313 283483156 5528
a 283483156 283497313 5528
a 283505115 283507916 4672
a 283507916 283505115 4672
a 283481966 283494690 514
a 283494690 283479414 592
a 283479414 283513440 388
a 283513440 283505187 622
a 283505187 283481966 262
a 283486639 283492474 5187
a 283492474 283486639 5187
a 283502255 283519820 8411
a 283519820 283502255 8411
a 283518848 283486300 2885
a 283486300 283518848 2885
a 283513150 283501904 7591
a 283501904 283513150 7591
a 283501904 283523918 16881
a 283523918 283501904 16881
a 283491296 283481701 4271
a 283481701 283491296 4271
a 283478946 283496886 55735
a 283496886 283478946 55735
a 283515259 283478385 3283
a 283478385 283515259 3283
a 283519315 283478927 4583
a 283478927 283519315 4583
a 283478927 283522414 8413
a 283522414 283478927 8413
a 283489508 283492367 21134
a 283492367 283489508 21134
a 283505576 283508716 8239
a 283508716 283505576 8239
a 283515119 283493190 22789
a 283493190 283515119 22789
a 283483963 283513760 5279
a 283513760 283483963 5279
a 283499369 283512498 11527
a 283512498 283499369 11527
a 283505971 283483306 12017
a 283483306 283505971 12017
a 283483306 283515084 9607
a 283515084 283483306 9607
a 283518108 283512972 726
a 926717316 283505530 9256
a 283505530 926717316 9256
a 283505530 283520600 5479
a 283520600 283505530 5479
a 283520600 283514907 5839
a 283514907 283520600 5839
a 283514907 283497456 7207
a 283497456 283514907 7207
a 1701171068 283510709 2052
a 283510709 1701171068 2052
a 283486252 283479775 1854
a 283479775 283486252 1854
a 283479775 283500883 3044
a 283500883 283479775 3044
a 283478842 1719523649 1970
a 1719523649 283478842 1970
a 283518483 1783400425 150960
a 1783400425 283518483 150960
a 283487706 1749021888 25764
a 1749021888 283487706 25764
a 283493439 283511609 4464
a 283511609 283493439 4464
a 283511609 283508097 1246
a 283508097 283511609 1246
a 283519180 283497842 7238
a 283497842 283519180 7238
a 283497842 283501379 2773
a 283501379 283497842 2773
a 283501379 283504605 1588
a 283504605 283501379 1588
a 283504605 283481425 2670
a 283481425 283504605 2670
a 283481425 283487947 1387
a 283487947 283481425 1387
a 283487947 283512235 2390
a 283512235 283487947 2390
a 283512235 283514710 2220
a 283514710 283512235 2220
a 283498264 283512726 7787
a 283512726 283498264 7787
a 283512726 283488476 8718
a 283488476 283512726 8718
a 283484045 283496861 5373
a 283496861 283484045 5373
a 283496861 283503146 3600
a 283503146 283496861 3600
a 283503146 283516893 893
a 283516893 283503146 893
a 283516893 283487899 2734
a 283487899 283516893 2734
a 283487899 283492862 4454
a 283492862 283487899 4454
a 283493752 283483594 2618
a 283483594 283493752 2618
a 283483594 283487118 4293
a 283487118 283483594 4293
a 283486170 1948803805 70
a 1948803805 283486170 70
a 1948803805 283485377 93274
a 283485377 1948803805 93274
a 283508606 283479785 7782
a 283479785 283508606 7782
a 283513712 283519377 434
a 283519377 283513712 434
a 283519377 283479927 392
a 283479927 283519377 392
a 283499542 283482160 805
a 283482160 283499542 805
a 283482160 283484617 18205
a 283484617 283482160 18205
a 283484617 283496772 5459
a 283496772 283484617 5459
a 283493096 283498230 12925
a 283498230 283493096 12925
a 283498230 283510245 6030
a 283510245 283498230 6030
a 283505804 283493509 3111
a 283493509 283505804 3111
a 283493509 916743314 5156
a 916743314 283493509 5156
a 283508113 283481429 17195
a 283481429 283508113 17195
a 283481429 283489628 18400
a 283489628 283481429 18400
a 283509592 460016077 42605
a 460016077 283509592 42605
a 283494245 283512912 882
a 283512912 283494245 882
a 283519134 283510058 3165
a 283510058 283519134 3165
a 283510058 283515323 1149
a 283515323 283510058 1149
a 283495221 283502852 9223
a 283502852 283495221 9223
a 283494973 283522750 3224
a 283522750 283494973 3224
a 283490069 283521446 4474
a 283521446 283490069 4474
a 456478772 283484600 1376
a 283484600 456478772 1376
a 283484600 283507168 5599
a 283507168 283484600 5599
a 283497135 283507060 1505
a 283507060 283497135 1505
a 283507060 283503739 14714
a 283503739 283507060 14714
a 283497376 283491429 415
a 283491429 283497376 415
a 283481740 283485028 1860
a 283485028 283481740 1860
a 283497068 283497419 3849
a 283497419 283497068 3849
a 283497419 283509190 12938
a 283509190 283497419 12938
a 283478425 735105984 14172
a 735105984 283478425 14172
a 283513355 283489561 3100
a 283489561 283513355 3100
a 283505134 1724585577 510
a 1724585577 283505134 510
a 283512032 283503821 1893
a 283503821 283512032 1893
a 283520945 283507363 1024
a 283507363 283491469 4801
a 283484819 283502798 545
a 283502798 283484819 545
a 283520577 283505696 1078
a 283505696 283520577 1078
a 283505696 283495168 2723
a 283495168 283505696 2723
a 283495168 1768908074 7597
a 1768908074 283495168 7597
a 283482363 283512382 3433
a 283512382 283482363 3433
a 283485339 283491633 2975
a 283491633 283485339 2975
a 283491633 283497527 988
a 283497527 283491633 988
a 283517443 283510040 11667
a 283510040 283517443 11667
a 283510040 283505606 18866
a 283505606 283510040 18866
a 283505606 283515292 4014
a 283515292 283505606 4014
a 283515292 1319194214 8124
a 1319194214 283515292 8124
a 283509117 283486935 5076
a 283486935 283509117 5076
a 283486935 283499737 4367
a 283499737 283486935 4367
a 283499737 283506698 2287
a 283506698 283499737 2287
a 283506698 283519329 1632
a 283519329 283506698 1632
a 283493433 283505412 5108
a 283505412 283493433 5108
a 283481474 283513698 12742
a 283513698 283481474 12742
a 283513698 283478116 7636
a 283478116 283513698 7636
a 283478116 283512853 4649
a 283512853 283478116 4649
a 283494273 283491765 11181
a 283491765 283494273 11181
a 283491765 283506707 5218
a 283506707 283491765 5218
a 283523124 283516394 6408
a 283516394 283523124 6408
a 283516394 283488704 5560
a 283488704 283516394 5560
a 283509869 283512952 11167
a 283512952 283509869 11167
a 283512952 283490338 2115
a 283490338 283512952 2115
a 283490338 283496209 5643
a 283496209 283490338 5643
a 283496209 283513856 83059
a 283513856 283496209 83059
a 283516328 283521570 1242
a 283521570 283516328 1242
a 283502688 283514825 4892
a 283514825 283502688 4892
a 283509568 283503050 422
a 283503050 283509568 422
a 283518106 283478634 69173
a 283478634 283518106 69173
a 283514231 283493148 4148
a 283493148 283514231 4148
a 283493148 283484306 3695
a 283484306 283493148 3695
a 283484306 1830297921 1560
a 1830297921 283484306 1560
a 283490017 283517061 5262
a 283517061 283490017 5262
a 283518673 283501684 6545
a 283501684 283518673 6545
a 283501684 283510036 9810
a 283510036 283501684 9810
a 283510036 283492748 6100
a 283492748 283510036 6100
a 283492748 283490266 661
a 283490266 283492748 661
a 283503719 283522151 6361
a 283522509 916742717 5400
a 916742717 283522509 5400
a 283484915 283490349 9473
a 283490349 283484915 9473
a 283490349 283523351 9352
a 283523351 283490349 9352
a 283523351 283517056 653
a 283517056 283523351 653
a 283501000 283481202 511
a 283481202 283501000 511
a 283484661 283489508 5140
a 283489508 283484661 5140
a 283513146 283509634 2489
a 283509634 283513146 2489
a 283509634 283504068 4872
a 283504068 283509634 4872
a 283504068 283500191 8264
a 283500191 283504068 8264
a 283500191 283493528 1682
a 283493528 283500191 1682
a 283493528 283478989 1216
a 283478989 283493528 1216
a 283497140 283508194 729
a 283508194 283497140 729
a 283508194 283518556 5084
a 283518556 283508194 5084
a 283518556 283514032 714
a 283514032 283518556 714
a 1760772140 567382503 70417
a 567382503 1760772140 70417
a 567382503 360762498 10373
a 360762498 567382503 10373
a 283517585 1739198805 3292
a 1739198805 283517585 3292
a 1739198805 283484076 7052
a 283484076 1739198805 7052
a 283484076 283512745 10800
a 283512745 283484076 10800
a 283499195 283505454 1767
a 283505454 283499195 1767
a 283505454 283511562 3263
a 283511562 283505454 3263
a 283494221 283500263 9378
a 283500263 283494221 9378
a 283512574 283480512 6598
a 283480512 283512574 6598
a 283505897 283489793 97261
a 283489793 283505897 97261
a 283504017 283489049 11815
a 283489049 283504017 11815
a 283509472 283521375 7929
a 283521375 283509472 7929
a 283521375 283507360 1980
a 283507360 283521375 1980
a 283507360 283516112 7250
a 283516112 283507360 7250
a 283516112 283486929 3713
a 283486929 283516112 3713
a 283502846 283508255 4725
a 283508255 283502846 4725
a 283508255 283501854 4617
a 283501854 283508255 4617
a 283479921 283507809 3409
a 283489897 283490791 6368
a 283490791 283489897 6368
a 283490791 283497124 1058
a 283497124 283490791 1058
a 283486362 283516350 5864
a 283516350 283486362 5864
a 283497768 283487401 2629
a 283487401 283497768 2629
a 283487477 283505544 17072
a 283505544 283487477 17072
a 283505544 283491263 658
a 283491263 283505544 658
a 283478753 283491268 3416
a 283491268 283478753 3416
a 283479352 283518435 451
a 283518435 283479352 451
a 283518435 283517110 296
a 283517110 283518435 296
a 283484839 283512938 435
a 283512938 283484839 435
a 283511851 283506986 1179
a 283506986 283511851 1179
a 283506986 283507232 5119
a 283507232 283506986 5119
a 283507232 283523548 1622
a 283523548 283507232 1622
a 283523548 283478036 4120
a 283478036 283523548 4120
a 283478036 283495841 2932
a 283495841 283478036 2932
a 283495841 962910036 2974
a 962910036 283495841 2974
a 962910036 283491007 113
a 283491007 962910036 113
a 283491007 283493439 9692
a 283493439 283491007 9692
a 283493439 283494192 8857
a 283494192 283493439 8857
a 283508344 283502888 8299
a 283502888 283508344 8299
a 283502888 283485423 5856
a 283485423 283502888 5856
a 283485423 283491590 10715
a 283491590 283485423 10715
a 283491590 283509788 7349
a 283509788 283491590 7349
a 283509788 283487587 10494
a 283487587 283509788 10494
a 283487587 283499724 5819
a 283499724 283487587 5819
a 283499724 283517592 10567
a 283517592 283499724 10567
a 283517592 283484173 8194
a 283484173 283517592 8194
a 283484173 1816879693 496
a 1816879693 283484173 496
a 1816879693 283496301 6646
a 283496301 1816879693 6646
a 283496301 283491057 8560
a 283491057 283496301 8560
a 283491057 283504440 8646
a 283504440 283491057 8646
a 283504440 283515129 3688
a 283515129 283504440 3688
a 283495029 283489434 2780
a 283489434 283495029 2780
a 283489434 283502006 1503
a 283502006 283489434 1503
a 283510948 283496484 25042
a 283496484 283510948 25042
a 283504577 283519272 14033
a 283519272 283504577 14033
a 283492101 283484355 1491
a 283484355 283492101 1491
a 283484355 283485141 17437
a 283485141 283484355 17437
a 283485141 283507947 7255
a 283507947 283485141 7255
a 283507947 1719523644 9254
a 1719523644 283507947 9254
a 283491923 283508518 10014
a 283508518 283491923 10014
a 283485917 283480249 482
a 283480249 283485917 482
a 283480249 283519719 421
a 283519719 283480249 421
a 283508188 283479867 6566
a 283479867 283508188 6566
a 283479867 283482916 7577
a 283482916 283479867 7577
a 283489143 283506923 3287
a 283506923 283489143 3287
a 283495450 283489766 1410
a 283489766 283495450 1410
a 283504648 283491076 12925
a 283491076 283504648 12925
a 283505149 283519092 1953
a 283519092 283505149 1953
a 283504165 283510252 3138
a 283510252 283504165 3138
a 283510252 283507395 1246
a 283507395 283510252 1246
a 283493683 283515000 3342
a 283515000 283493683 3342
a 283518885 283481649 9332
a 283481649 283518885 9332
a 283481649 1724674000 1260
a 1724674000 283481649 1260
a 283502913 283518020 2993
a 283518020 283502913 2993
a 283518020 283513042 2521
a 283513042 283518020 2521
a 283513042 283505416 5162
a 283505416 283513042 5162
a 283495436 283510785 517
a 283510785 283495436 517
a 283488600 1187992906 384
a 1187992906 283488600 384
a 1187992906 283481115 4309
a 283481115 1187992906 4309
a 283481115 283516518 7827
a 283516518 283481115 7827
a 283504402 283498200 8091
a 283498200 283504402 8091
a 283492850 283481819 519
a 283481819 283492850 519
a 283489240 283490880 2357
a 283490880 283489240 2357
a 283490880 1174957099 856
a 1174957099 283490880 856
a 1174957099 283496312 872
a 283496312 1174957099 872
a 283510595 283516464 4570
a 283516464 283510595 4570
a 1202149880 1202150574 2588
a 1202150574 1202149880 2588
a 1202150574 283509583 686
a 283509583 1202150574 686
a 283496159 283492813 4152
a 283492813 283496159 4152
a 283510817 283511570 14494
a 283511570 283510817 14494
a 283511570 283494144 3609
a 283494144 283511570 3609
a 283494144 283520378 9540
a 283520378 283494144 9540
a 283502257 1760430939 4518
a 1760430939 283502257 4518
a 283509540 283513867 11723
a 283513867 283509540 11723
a 283513867 283521094 6362
a 283521094 283513867 6362
a 283521094 283482765 4443
a 283482765 283521094 4443
a 283482765 283511927 2440
a 283511927 283482765 2440
a 283511927 283501097 4564
a 283501097 283511927 4564
a 283501097 283517237 5300
a 283517237 283501097 5300
a 283517237 283522336 3925
a 283522336 283517237 3925
a 283522336 1767043929 3177
a 1767043929 283522336 3177
a 283522811 283516834 1121
a 283516834 283522811 1121
a 283516834 283518624 9136
a 283518624 283516834 9136
a 283504359 283513288 1762
a 283513288 283504359 1762
a 283522284 283489516 9211
a 283489516 283522284 9211
a 283481470 283486632 316
a 283486632 283481470 316
a 283486632 283500019 6955
a 283500019 283486632 6955
a 283510634 283493831 663
a 283493831 283510634 663
a 283493831 283483135 8486
a 283483135 283493831 8486
a 283483135 283505731 3516
a 283505731 283483135 3516
a 283505731 1768908070 2205
a 1768908070 283505731 2205
a 283485169 283504603 5127
a 283504603 283485169 5127
a 283504603 283492494 3578
a 283492494 283504603 3578
a 283492494 283481680 1769
a 283481680 283492494 1769
a 283497447 283491835 417
a 283491835 283497447 417
a 283504840 283518129 1082
a 283518129 283504840 1082
a 283480767 283519805 15994
a 283519805 283480767 15994
a 283519805 1149013953 2758
a 1149013953 283519805 2758
a 1149013953 283519245 3367
a 283519245 1149013953 3367
a 283497416 283512001 2813
a 283512001 283497416 2813
a 283482718 283518633 1037
a 283518633 283482718 1037
a 283502043 283487972 1251
a 283487972 283502043 1251
a 1639284229 283478008 13395
a 283478008 1639284229 13395
a 283512423 283505645 376
a 283505645 283512423 376
a 283514849 283489514 3632
a 283489514 283514849 3632
a 2266952088 283487524 15076
a 283487524 2266952088 15076
a 283519679 283520203 2264
a 283520203 283519679 2264
a 283520203 283488110 7766
a 283488110 283520203 7766
a 283491630 283491765 5225
a 970138182 283517229 6875
a 283517229 970138182 6875
a 283517229 970138372 580
a 970138372 283517229 580
a 283509473 283504027 973
a 283504027 283509473 973
a 283502286 283518174 8924
a 283518174 283502286 8924
a 283518174 283479640 6216
a 283479640 283518174 6216
a 283479640 283520094 6248
a 283520094 283479640 6248
a 283520094 283515194 2333
a 283515194 283520094 2333
a 283515194 283489238 4423
a 283489238 283515194 4423
a 283484162 283479127 6336
a 283479127 283484162 6336
a 283493290 283505495 11180
a 283505495 283493290 11180
a 283495587 283486895 9767
a 283486895 283495587 9767
a 283486895 283514593 7454
a 283514593 283486895 7454
a 283482004 283506914 2073
a 283506914 283482004 2073
a 283506914 283524045 7210
a 283524045 283506914 7210
a 283524045 283500510 5960
a 283500510 283524045 5960
a 283492041 283511575 30097
a 283511575 283492041 30097
a 283511575 283498702 6461
a 283498702 283511575 6461
a 283498702 283489923 5909
a 283489923 283498702 5909
a 283489923 283522750 6409
a 283522750 283489923 6409
a 283522750 283486928 3790
a 283486928 283522750 3790
a 283521765 283509472 3466
a 283518483 283509877 51541
a 283509877 283518483 51541
a 283515726 283523788 2732
a 283523788 283515726 2732
a 283523788 283506451 2135
a 283506451 283523788 2135
a 283506451 797024662 4736
a 797024662 283506451 4736
a 797024662 283491683 410
a 283491683 797024662 410
a 283510413 283496196 813
a 283505238 283513055 6112
a 283513055 283505238 6112
a 283524157 283509462 10009
a 283509462 283524157 10009
a 283509462 283491840 553
a 283491840 283509462 553
a 283492349 283509511 8542
a 283509511 283492349 8542
a 283480709 283496999 1069
a 283496999 283480709 1069
a 804045017 283500621 435
a 283500621 804045017 435
a 283511018 283516200 1734
a 283516200 283511018 1734
a 283479931 283479931 10091
a 283479931 283479931 10091
a 283479931 283493584 4349
a 283493584 283479931 4349
a 283493584 283481263 2422
a 283481263 283493584 2422
a 283484617 283494427 8891
a 283494427 283484617 8891
a 283517429 283522857 3728
a 283522857 283517429 3728
a 283510023 283515074 2009
a 283515074 283510023 2009
a 283504294 283514542 9079
a 283514542 283504294 9079
a 283498622 283494220 6304
a 283494220 283498622 6304
a 283494220 283483507 7383
a 283483507 283494220 7383
a 283504449 283513904 15527
a 283513904 283478200 16516
a 283478200 283484982 7010
a 283494871 283513757 47895
a 283513757 283494871 47895
a 283513378 283518442 1048
a 283518442 283513378 1048
a 283504024 283510073 16905
a 283510073 283504024 16905
a 283516965 1767043911 1114
a 1767043911 283516965 1114
a 283523250 283512842 1064
a 283512842 283523250 1064
a 283482669 283493484 1807
a 283493484 283482669 1807
a 283497567 283508759 2613
a 283508759 283497567 2613
a 283502201 283487863 65177
a 283487863 283502201 65177
a 283491168 283512222 10328
a 283512222 283491168 10328
a 283499724 283498315 4126
a 283498315 283499724 4126
a 283498315 283505563 6916
a 283505563 283498315 6916
a 283505563 283522691 7205
a 283522691 283505563 7205
a 283521051 1760430950 1364
a 1760430950 283521051 1364
a 283483546 283512667 4639
a 283512667 283483546 4639
a 283509557 283505336 675
a 283505336 283509557 675
a 283505336 283479590 1585
a 283479590 283505336 1585
a 283505371 283488061 5827
a 283488061 283505371 5827
a 283488061 283506647 5992
a 283506647 283488061 5992
a 283483188 283514564 685
a 283503338 283501263 2100
a 283501263 283503338 2100
a 283501263 283511860 4929
a 283511860 283501263 4929
a 283513382 283492814 2281
a 283492814 283513382 2281
a 283515219 283492818 3625
a 283492818 283515219 3625
a 283522925 283495147 6255
a 283495147 283522925 6255
a 283495147 283508198 4235
a 283508198 283495147 4235
a 283482845 283494659 4036
a 283494659 314499008 3973
a 314499008 283482595 3372
a 283510087 283510276 43516
a 283510276 283510087 43516
a 283510276 283506413 8972
a 283506413 283510276 8972
a 283504522 283519354 8619
a 283519354 283504522 8619
a 283519354 283479770 15718
a 283479770 283519354 15718
a 283479770 1748089645 2465
a 1748089645 283479770 2465
a 283501990 283512235 7184
a 283512235 283501990 7184
a 283505404 283482464 8312
a 283480597 283518588 13774
a 283518588 283480597 13774
a 283488929 283517134 1531
a 283517134 283488929 1531
a 283503214 283519918 10063
a 283519918 283503214 10063
a 283519918 283493204 4971
a 283493204 283519918 4971
a 283503780 283482688 21103
a 283482688 283503780 21103
a 283516112 1149013943 4568
a 1149013943 283516112 4568
a 1149013943 283506990 4322
a 283506990 1149013943 4322
a 283506990 283515469 5250
a 283515469 283506990 5250
a 283518853 283511955 2203
a 283511955 283506470 1585
a 283506470 283518853 1297
a 283485364 283495779 688
a 283495779 283485364 688
a 283495779 283489206 39587
a 283489206 283495779 39587
a 283503338 283512965 7796
a 283512965 283503338 7796
a 283512965 283500348 2385
a 283500348 283512965 2385
a 283500348 283520584 13113
a 283520584 283500348 13113
a 283520584 283517045 3203
a 283517045 283520584 3203
a 283517605 283523670 2197
a 283523670 283517605 2197
a 283523670 283478281 4238
a 283478281 283523670 4238
a 283478281 283484091 444
a 283484091 283478281 444
a 283478001 283495790 2818
a 283495790 283478001 2818
a 283495790 283485353 2159
a 283485353 283495790 2159
a 283509788 283495750 10715
a 283495750 283509788 10715
a 283495750 283512700 2272
a 283512700 283495750 2272
a 283520651 1711905150 761
a 1711905150 283520651 761
a 283486349 283516628 2632
a 283516628 283486349 2632
a 283516949 283479382 28983
a 283479382 283516949 28983
a 2317652182 283515187 3056
a 283515187 2317652182 3056
a 283509780 283520855 279
a 283520855 283509780 279
a 283520855 283516605 260
a 283516605 283520855 260
a 283500307 283494049 12733
a 283494049 283500307 12733
a 283494492 283505044 1853
a 283505044 283494492 1853
a 283505044 283520033 6209
a 283520033 283505044 6209
a 283520033 283513187 3760
a 283513187 283520033 3760
a 283489600 283483857 467
a 283483857 283489600 467
a 283483857 283522171 581
a 283522171 283483857 581
a 283489759 283498629 4957
a 283498629 283489759 4957
a 283521505 314498988 4585
a 314498988 283486535 1467
a 283486535 283506794 2903
a 283482193 735126969 1895
a 283482603 283511575 3101
a 283511575 283482603 3101
a 283480596 283487338 1315
a 283487338 283480596 1315
a 283487338 283491750 6245
a 283491750 283487338 6245
a 283491750 283497635 4531
a 283497635 283491750 4531
a 283497635 283491353 7834
a 283491353 283497635 7834
a 283491353 283503720 6877
a 283503720 283491353 6877
a 283516978 283485875 552
a 283485875 283516978 552
a 283507004 283504607 4452
a 283504607 283507004 4452
a 283504607 283519086 855
a 283519086 283504607 855
a 283493289 283498686 3739
a 283498686 283493289 3739
a 283517019 283523052 1510
a 283523052 283517019 1510
a 283523052 283509117 5009
a 283509117 283523052 5009
a 283522011 283498536 1326
a 283498536 283522011 1326
a 283508827 1967617728 294
a 1967617728 283508827 294
a 283492334 283486492 4471
a 283486492 283492334 4471
a 283486492 283508844 728
a 283508844 283486492 728
a 283508844 283508424 5042
a 283508424 283508844 5042
a 283508424 283519735 3811
a 283519735 283508424 3811
a 283519735 283515318 1900
a 283515318 283519735 1900
a 283515318 283485953 3574
a 283485953 283515318 3574
a 283485953 283503345 813
a 283503345 283485953 813
a 283485741 283491615 6478
a 283491615 283485741 6478
a 283491615 283505047 14499
a 283505047 283491615 14499
a 283505047 283488930 7762
a 283488930 283505047 7762
a 283488930 283493227 6939
a 283493227 283488930 6939
a 283511873 283517166 4360
a 283517166 283511873 4360
a 283480705 283493090 629
a 283493090 283480705 629
a 283491032 283518031 5594
a 283518031 283491032 5594
a 283515577 283504663 3040
a 283504663 283515577 3040
a 283510144 283505336 411
a 283505336 283510144 411
a 283513554 283518695 1451
a 283518695 283513554 1451
a 283518695 283485146 3044
a 283485146 283518695 3044
a 283487180 283487371 3858
a 283487371 283487180 3858
a 283487371 283514118 5591
a 283514118 283487371 5591
a 283514118 283505813 9645
a 283505813 283514118 9645
a 283505813 283517492 4256
a 283517492 283505813 4256
a 283508186 283479219 15157
a 283479219 283508186 15157
a 283515058 283513995 2156
a 283513995 283515058 2156
a 283513995 283504515 11968
a 283504515 283513995 11968
a 283504515 283505419 2457
a 283505419 283504515 2457
a 283479977 283519074 478
a 283519074 283479977 478
a 283519074 283484940 326
a 283484940 283519074 326
a 283494266 734999201 6411
a 734999201 283494266 6411
a 734999201 283513193 22761
a 283513193 734999201 22761
a 283519313 283505732 3195
a 283505732 283519313 3195
a 283494262 283487029 13219
a 283487029 283494262 13219
a 283491288 283495693 968
a 283495693 283491288 968
a 283504473 283479232 20303
a 283479232 283504473 20303
a 283479232 283508415 74883
a 283508415 283479232 74883
a 283493991 283512079 908
a 283512079 283493991 908
a 283512079 283524150 2344
a 283524150 283512079 2344
a 283524150 283484621 2054
a 283484621 283524150 2054
a 283484621 283478963 6231
a 283478963 283484621 6231
a 283478963 283508609 2324
a 283508609 283478963 2324
a 283505109 283488604 5657
a 283488604 283505109 5657
a 283489729 283495402 3165
a 283495402 283489729 3165
a 1760430950 283512973 7498
a 283512973 1760430950 7498
a 283512973 1760430942 4356
a 1760430942 283512973 4356
a 1760430942 283509834 3097
a 283509834 1760430942 3097
a 283509834 283481870 13199
a 283481870 283509834 13199
a 283481870 283505118 2598
a 283505118 283481870 2598
a 283478162 283492198 1443
a 283492198 283478162 1443
a 283492198 283489689 7636
a 283489689 283492198 7636
a 283497526 283518252 3507
a 283518252 283497526 3507
a 283516516 283490609 9162
a 283490609 283516516 9162
a 283490609 711697766 18375
a 711697766 283490609 18375
a 283509913 283511548 5889
a 283511548 283509913 5889
a 283511548 741832505 16470
a 741832505 283511548 16470
a 283505135 283510031 283
a 283510031 283505135 283
a 283510031 283518951 322
a 283518951 283510031 322
a 283517877 283494400 2689
a 283494400 283517877 2689
a 283493200 283495811 21174
a 283495811 283493200 21174
a 283495811 283521457 26162
a 283521457 283495811 26162
a 283498535 283511617 96402
a 283511617 283498535 96402
a 283499335 283480262 4089
a 283480262 283499335 4089
a 283480262 283491630 4662
a 283491630 283480262 4662
a 283491630 283510452 3559
a 283510452 283491630 3559
a 283513698 283507097 6783
a 283507097 283513698 6783
a 283491767 283483519 3046
a 283483519 283491767 3046
a 283484761 283490823 40412
a 283490823 283484761 40412
a 283490823 283489215 3587
a 283489215 283490823 3587
a 283489432 283521591 18345
a 283521591 283489432 18345
a 283488050 283491741 8560
a 283491741 283488050 8560
a 283491741 283523832 4195
a 283523832 283491741 4195
a 283511598 283502137 5919
a 283502137 283511598 5919
a 283516915 283492839 2765
a 283492839 283516915 2765
a 283478634 1948803805 26895
a 1948803805 283478634 26895
a 283490116 283517940 3241
a 283517940 283490116 3241
a 283517940 283508668 9579
a 283508668 283517940 9579
a 283487970 283481254 2242
a 283481254 283487970 2242
a 283495354 283513048 1019
a 283513048 283495354 1019
a 283517251 283491130 4971
a 283491130 283517251 4971
a 283511237 283483913 7179
a 283502213 283489923 5484
a 283489923 283502213 5484
a 283493587 283523709 15392
a 283523709 283493587 15392
a 283523709 283517179 2545
a 283517179 283523709 2545
a 283517179 283499793 5283
a 283499793 283517179 5283
a 759659935 283515717 2659
a 283515717 759659935 2659
a 283515717 283506475 4446
a 283506475 283515717 4446
a 283506475 283503726 17412
a 283503726 283506475 17412
a 283503726 283511426 2153
a 283511426 283503726 2153
a 283511426 283490700 698
a 283490700 283511426 698
a 283490700 283500711 8732
a 283500711 283490700 8732
a 283500711 283494883 12752
a 283494883 283500711 12752
a 283494883 283508686 3854
a 283508686 283494883 3854
a 283508686 283512638 3318
a 283512638 283508686 3318
a 283512638 283513150 6678
a 283513150 283512638 6678
a 283513150 283520467 6564
a 283520467 283513150 6564
a 283512910 283479111 9435
a 283479111 283512910 9435
a 283479111 283485500 5961
a 283485500 283479111 5961
a 283492868 283499312 572
a 283499312 283492868 572
a 283499312 283489942 11009
a 283489942 283499312 11009
a 283489942 283498180 5281
a 283498180 283489942 5281
a 283507571 1724585577 3190
a 1724585577 283507571 3190
a 283483555 283517669 648
a 283517669 283511289 1044
a 283511289 283480000 914
a 283480000 283500576 417
a 283500576 283486471 707
a 283486471 283483555 310
a 283515231 283486710 5184
a 283486710 283515231 5184
a 283486710 841383623 20718
a 841383623 283486710 20718
a 283514577 283506650 5362
a 283506650 283514577 5362
a 283506650 283511481 620
a 283511481 283506650 620
a 283492372 283478399 10080
a 283478399 283492372 10080
a 283494682 283521224 10251
a 283521224 283494682 10251
a 283521224 283501743 16804
a 283501743 283521224 16804
a 283501743 283518446 5804
a 283518446 283501743 5804
a 283497855 283509159 1197
a 283488571 465727115 5644
a 283484207 283497842 7102
a 283497842 283484207 7102
a 283486678 1760415975 654
a 1760415975 283486678 654
a 1760415975 283520184 6595
a 283520184 1760415975 6595
a 283520184 283511308 3608
a 283511308 283520184 3608
a 283513505 283511367 8196
a 283511367 283513505 8196
a 283511367 283482560 2881
a 283482560 283511367 2881
a 283488088 283505690 1369
a 283505690 283488088 1369
a 283516415 283496639 17507
a 283496639 283516415 17507
a 283496639 1697195430 12059
a 1697195430 283496639 12059
a 1697195430 1697195433 1435
a 1697195433 1697195430 1435
a 283514783 283517589 4846
a 283517589 283514783 4846
a 283517589 283501267 6512
a 283501267 283517589 6512
a 283501267 283518309 747
a 283518309 283501267 747
a 283518309 283502561 7486
a 283502561 283518309 7486
a 283502561 283513743 2338
a 283513743 283502561 2338
a 283482047 283512684 2127
a 283512684 283482047 2127
a 283518657 283506325 3827
a 283506325 283507291 2564
a 283481482 283490363 11366
a 283490363 283481482 11366
a 283490363 283504462 6063
a 283504462 283490363 6063
a 283504462 283481620 43982
a 283481620 283504462 43982
a 283481620 283488955 12331
a 283488955 283481620 12331
a 283488955 283504462 7902
